#! FIELDS time nsod nchl nwat resna.bias rescl.bias
 0.000000 0.355896 0.349381 30.749578 30.025544 23.310333
 0.100000 0.348383 0.351582 30.691301 22.357090 25.484219
 0.200000 0.348077 0.332983 30.606860 22.068813 10.165190
 0.300000 0.349242 0.333166 30.627997 23.176161 10.282551
 0.400000 0.349355 0.325569 30.708856 23.285617 5.987163
 0.500000 0.348754 0.336239 30.692781 22.708694 12.347627
 0.600000 0.353680 0.334548 30.692117 27.646493 11.187899
 0.700000 0.348420 0.333931 30.648705 22.392143 10.778840
 0.800000 0.349114 0.328831 30.718046 23.053114 7.689818
 0.900000 0.360712 0.340337 30.708146 35.536257 15.395568
 1.000000 0.349876 0.342324 30.717511 23.791415 16.994419
 1.100000 0.348154 0.342122 30.705205 22.140526 16.828341
 1.200000 0.349132 0.340539 30.749686 23.071194 15.554233
 1.300000 0.348038 0.351713 30.706380 22.031677 25.616501
 1.400000 0.349077 0.352422 30.719990 23.017973 26.339974
 1.500000 0.349675 0.347581 30.777305 23.595189 21.605297
 1.600000 0.348243 0.334061 30.748520 22.224417 10.864053
 1.700000 0.355595 0.341963 30.605715 29.697027 16.697962
 1.800000 0.355860 0.343913 30.778041 29.986699 18.329319
 1.900000 0.355689 0.342568 30.801125 29.799097 17.196316
 2.000000 0.350919 0.341181 30.803795 24.819326 16.064576
